z <- 8
y<- 9
